question_ID,worker_ID,answer
0,51,Skate Kitchen
0,76,Skate Kitchen
0,42,Skate Kitchen
0,16,Skate Kitchen
0,117,Skate Kitchen
0,17,Skate Kitchen
0,27,Skate Kitchen
0,5,Skate Kitchen
0,29,Skate Kitchen
0,2,Skate Kitchen
0,84,Skate Kitchen
0,95,Se mi lasci ti cancello
0,24,Skate Kitchen
0,36,Skate Kitchen
0,8,Skate Kitchen
0,91,Skate Kitchen
0,62,Skate Kitchen
0,120,Skate Kitchen
0,60,Skate Kitchen
0,17,Skate Kitchen
0,111,Skate Kitchen
0,51,Skate Kitchen
0,22,Skate Kitchen
0,49,Skate Kitchen
0,60,Skate Kitchen
1,51,Beautiful Boy
1,76,Beautiful Boy
1,42,Beautiful Boy
1,16,Beautiful Boy
1,117,Beautiful Boy
1,17,Beautiful Boy
1,27,Beautiful Boy
1,5,Beautiful Boy
1,29,Beautiful Boy
1,2,Beautiful Boy
1,84,Beautiful Boy
1,95,Beautiful Boy
1,24,Beautiful Boy
1,36,Beautiful Boy
1,8,Beautiful Boy
1,91,Beautiful Boy
1,62,Beautiful Boy
1,120,Beautiful Boy
1,60,Beautiful Boy
2,51,Puppet Master: The Littlest Reich
2,42,Puppet Master: The Littlest Reich
2,16,Puppet Master: The Littlest Reich
2,117,Puppet Master: The Littlest Reich
2,17,Puppet Master: The Littlest Reich
2,27,Puppet Master: The Littlest Reich
2,5,Puppet Master: The Littlest Reich
2,29,Puppet Master: The Littlest Reich
2,2,Puppet Master: The Littlest Reich
2,84,Puppet Master: The Littlest Reich
2,95,Puppet Master: The Littlest Reich
2,66,Puppet Master: The Littlest Reich
2,24,Puppet Master: The Littlest Reich
2,36,Puppet Master: The Littlest Reich
2,8,Puppet Master: The Littlest Reich
2,91,Puppet Master: The Littlest Reich
2,62,Puppet Master: The Littlest Reich
2,120,Puppet Master: The Littlest Reich
2,60,Puppet Master: The Littlest Reich
2,34,Puppet Master: The Littlest Reich
3,51,Smallfoot
3,76,Smallfoot
3,42,Smallfoot
3,16,Smallfoot
3,117,Smallfoot
3,17,Smallfoot
3,27,Smallfoot
3,5,Smallfoot
3,29,Smallfoot
3,2,Smallfoot
3,84,Smallfoot
3,95,Smallfoot
3,66,Smallfoot
3,24,Smallfoot
3,36,Smallfoot
3,8,Smallfoot
3,91,Smallfoot
3,62,Smallfoot
3,120,Smallfoot
3,60,Smallfoot
3,17,Smallfoot
3,51,Smallfoot
3,118,Smallfoot
4,76,Upgrade
4,51,Upgrade
4,42,Upgrade
4,16,Upgrade
4,47,Upgrade
4,27,Upgrade
4,5,Upgrade
4,98,Upgrade
4,17,Upgrade
4,55,Upgrade
4,43,Upgrade
4,50,Upgrade
4,104,Upgrade
4,29,Upgrade
4,99,Upgrade
4,117,Upgrade
4,3,Upgrade
4,22,Upgrade
4,30,Upgrade
4,100,Upgrade
5,76,Sink or Swim
5,51,Sink or Swim
5,42,Sink or Swim
5,16,Sink or Swim
5,47,Sink or Swim
5,27,Sink or Swim
5,5,Sink or Swim
5,98,Sink or Swim
5,17,Sink or Swim
5,55,Sink or Swim
5,43,Sink or Swim
5,50,Sink or Swim
5,104,Sink or Swim
5,29,Sink or Swim
5,99,Inside Out
5,117,Sink or Swim
5,3,Sink or Swim
5,30,Sink or Swim
5,100,Sink or Swim
5,34,Sink or Swim
5,22,Sink or Swim
6,76,"Love, Simon"
6,51,"Love, Simon"
6,42,"Love, Simon"
6,16,"Love, Simon"
6,47,"Love, Simon"
6,27,"Love, Simon"
6,5,"Love, Simon"
6,98,"Love, Simon"
6,17,"Love, Simon"
6,55,"Love, Simon"
6,43,"Love, Simon"
6,50,"Love, Simon"
6,104,"Love, Simon"
6,29,"Love, Simon"
6,99,"Love, Simon"
6,117,"Love, Simon"
6,3,"Love, Simon"
6,22,"Love, Simon"
6,30,"Love, Simon"
6,100,"Love, Simon"
7,76,Crowhurst
7,51,Crowhurst
7,42,Crowhurst
7,16,Crowhurst
7,47,Crowhurst
7,93,Crowhurst
7,27,Crowhurst
7,5,Crowhurst
7,98,Crowhurst
7,17,Crowhurst
7,55,Crowhurst
7,43,Crowhurst
7,50,Crowhurst
7,104,Crowhurst
7,29,Crowhurst
7,117,Crowhurst
7,3,Crowhurst
7,22,Crowhurst
7,30,Crowhurst
7,47,Crowhurst
7,51,Crowhurst
7,55,Crowhurst
7,89,Crowhurst
7,22,Crowhurst
7,30,Crowhurst
8,76,Rough Night
8,42,Rough Night
8,51,Rough Night
8,16,Rough Night
8,47,Rough Night
8,93,Rough Night
8,112,Rough Night
8,5,Rough Night
8,27,Rough Night
8,2,Rough Night
8,59,Girls Trip
8,98,Rough Night
8,17,Rough Night
8,87,Rough Night
8,110,Rough Night
8,95,Rough Night
8,68,Rough Night
8,118,Rough Night
8,100,Rough Night
9,76,Darkest Hour
9,42,Darkest Hour
9,51,Darkest Hour
9,16,Darkest Hour
9,47,Darkest Hour
9,93,Darkest Hour
9,112,Darkest Hour
9,5,Darkest Hour
9,27,Darkest Hour
9,2,Darkest Hour
9,59,Darkest Hour
9,98,Darkest Hour
9,17,Darkest Hour
9,87,Darkest Hour
9,110,Darkest Hour
9,111,Darkest Hour
9,95,Darkest Hour
9,68,Darkest Hour
9,118,Darkest Hour
9,18,Darkest Hour
10,76,Churchill
10,42,Churchill
10,51,Churchill
10,16,Churchill
10,47,Churchill
10,93,Churchill
10,112,Churchill
10,5,Churchill
10,27,Churchill
10,2,Churchill
10,59,Churchill
10,98,Churchill
10,17,Churchill
10,87,Churchill
10,110,Churchill
10,111,Churchill
10,95,Churchill
10,68,Churchill
10,118,Churchill
10,18,Churchill
10,12,Churchill
11,76,Anthropoid
11,42,Anthropoid
11,51,Anthropoid
11,16,Anthropoid
11,47,Anthropoid
11,93,Anthropoid
11,112,Anthropoid
11,5,Anthropoid
11,27,Anthropoid
11,2,Anthropoid
11,79,Anthropoid
11,59,Anthropoid
11,98,Anthropoid
11,17,Anthropoid
11,87,Anthropoid
11,110,Anthropoid
11,95,Anthropoid
11,68,Anthropoid
11,118,Anthropoid
11,18,Anthropoid
12,76,The Jungle Book
12,42,Mowgli: Legend of the Jungle
12,51,Mowgli: Legend of the Jungle
12,47,The Jungle Book
12,16,The Jungle Book
12,93,Mowgli: Legend of the Jungle
12,79,Mowgli: Legend of the Jungle
12,112,The Jungle Book
12,5,The Jungle Book
12,43,Mowgli: Legend of the Jungle
12,27,The Jungle Book
12,2,Mowgli: Legend of the Jungle
12,66,Mowgli: Legend of the Jungle
12,24,Mowgli: Legend of the Jungle
12,111,The Jungle Book
12,36,The Jungle Book
12,55,The Jungle Book
12,108,Mowgli: Legend of the Jungle
12,8,Mowgli: Legend of the Jungle
12,23,Mowgli: Legend of the Jungle
13,76,Batman v Superman: Dawn of Justice
13,42,Batman v Superman: Dawn of Justice
13,51,Batman v Superman: Dawn of Justice
13,47,Batman v Superman: Dawn of Justice
13,16,Batman v Superman: Dawn of Justice
13,93,Batman v Superman: Dawn of Justice
13,79,Batman v Superman: Dawn of Justice
13,112,Batman v Superman: Dawn of Justice
13,5,Batman v Superman: Dawn of Justice
13,43,Batman v Superman: Dawn of Justice
13,27,Batman v Superman: Dawn of Justice
13,2,Batman v Superman: Dawn of Justice
13,66,Batman v Superman: Dawn of Justice
13,24,Batman v Superman: Dawn of Justice
13,111,Batman v Superman: Dawn of Justice
13,36,Batman v Superman: Dawn of Justice
13,55,Batman v Superman: Dawn of Justice
13,108,Batman v Superman: Dawn of Justice
13,8,Batman v Superman: Dawn of Justice
13,23,Batman v Superman: Dawn of Justice
14,76,Zootopia
14,42,Zootopia
14,51,Zootopia
14,47,Zootopia
14,16,Zootopia
14,93,Zootopia
14,79,Zootopia
14,112,Zootopia
14,5,Zootopia
14,43,Zootopia
14,27,Zootopia
14,2,Zootopia
14,66,Zootopia
14,24,Zootopia
14,36,Zootopia
14,14,Zootopia
14,55,Zootopia
14,108,Zootopia
14,8,Zootopia
14,23,Zootopia
15,76,Captain Fantastic
15,42,Captain Fantastic
15,51,Captain Fantastic
15,47,Captain Fantastic
15,16,Captain Fantastic
15,112,Captain Fantastic
15,93,Captain Fantastic
15,5,Captain Fantastic
15,43,Captain Fantastic
15,27,Captain Fantastic
15,2,Captain Fantastic
15,66,Captain Fantastic
15,24,Captain Fantastic
15,36,Captain Fantastic
15,14,Captain Fantastic
15,55,Captain Fantastic
15,108,Captain Fantastic
15,8,Captain Fantastic
15,79,Captain Fantastic
15,23,Captain Fantastic
16,76,Christine
16,42,Christine
16,51,Christine
16,47,Christine
16,93,Christine
16,112,Christine
16,5,Christine
16,104,Christine
16,27,Christine
16,29,Christine
16,50,Christine
16,43,Christine
16,16,Christine
16,2,Christine
16,14,Christine
16,79,Christine
16,58,Christine
16,59,Christine
16,91,Christine
16,42,Christine
16,11,Christine
16,113,Christine
16,94,Christine
16,119,Christine
16,120,Christine
16,15,Christine
16,93,Christine
16,30,Christine
17,76,Other People
17,42,Other People
17,51,Other People
17,47,Other People
17,93,Other People
17,112,Other People
17,5,Other People
17,104,Other People
17,27,Other People
17,29,Other People
17,50,Other People
17,43,Other People
17,16,Other People
17,2,Other People
17,14,Other People
17,79,Other People
17,99,Other People
17,58,Other People
17,59,Qualcuno volò sul nido del cuculo
17,91,Other People
18,76,Coming Through the Rye
18,42,Coming Through the Rye
18,51,Coming Through the Rye
18,47,Coming Through the Rye
18,93,Coming Through the Rye
18,112,Coming Through the Rye
18,5,Coming Through the Rye
18,104,Coming Through the Rye
18,27,Coming Through the Rye
18,29,Coming Through the Rye
18,50,Coming Through the Rye
18,43,Coming Through the Rye
18,16,Coming Through the Rye
18,2,Coming Through the Rye
18,98,Coming Through the Rye
18,79,Coming Through the Rye
18,58,Coming Through the Rye
18,91,Coming Through the Rye
18,3,Coming Through the Rye
18,27,Coming Through the Rye
18,93,Coming Through the Rye
18,30,Coming Through the Rye
19,76,Freaks of Nature
19,42,Freaks of Nature
19,51,Freaks of Nature
19,47,Freaks of Nature
19,112,Freaks of Nature
19,5,Freaks of Nature
19,93,Freaks of Nature
19,104,Freaks of Nature
19,27,Freaks of Nature
19,29,Freaks of Nature
19,50,Freaks of Nature
19,43,Scouts Guide to the Zombie Apocalypse
19,16,Freaks of Nature
19,2,Freaks of Nature
19,98,Freaks of Nature
19,99,Freaks of Nature
19,58,Freaks of Nature
19,59,Freaks of Nature
19,117,Freaks of Nature
19,91,Freaks of Nature
20,47,Spectre
20,93,Spectre
20,112,Spectre
20,104,Spectre
20,98,Spectre
20,24,Spectre
20,62,Spectre
20,17,Spectre
20,75,Spectre
20,36,Spectre
20,2,Spectre
20,68,Spectre
20,14,Spectre
20,89,Spectre
20,66,Spectre
20,7,Spectre
20,55,Spectre
20,113,Mission: Impossible – Rogue Nation
20,4,Spectre
20,117,Spectre
21,47,The Martian
21,93,The Martian
21,112,The Martian
21,104,The Martian
21,98,The Martian
21,24,The Martian
21,62,The Martian
21,17,The Martian
21,75,The Martian
21,36,The Martian
21,2,The Martian
21,68,The Martian
21,14,The Martian
21,89,The Martian
21,66,The Martian
21,7,The Martian
21,55,The Martian
21,113,The Martian
21,4,The Martian
21,117,The Martian
21,34,The Martian
21,58,The Martian
21,30,The Martian
22,47,Marguerite
22,93,Marguerite
22,112,Marguerite
22,104,Marguerite
22,24,Marguerite
22,62,Marguerite
22,17,Marguerite
22,75,Marguerite
22,36,Marguerite
22,2,Marguerite
22,68,Marguerite
22,14,Marguerite
22,89,Marguerite
22,66,Marguerite
22,7,Marguerite
22,55,Marguerite
22,113,Marguerite
22,4,Marguerite
22,117,Marguerite
22,3,Marguerite
23,47,The Beauty Inside
23,112,The Beauty Inside
23,104,The Beauty Inside
23,93,The Beauty Inside
23,24,The Beauty Inside
23,62,The Beauty Inside
23,17,The Beauty Inside
23,75,The Beauty Inside
23,36,The Beauty Inside
23,2,The Beauty Inside
23,68,The Beauty Inside
23,14,The Beauty Inside
23,89,The Beauty Inside
23,7,The Beauty Inside
23,55,The Beauty Inside
23,113,The Beauty Inside
23,4,The Beauty Inside
23,3,The Beauty Inside
23,38,The Beauty Inside
24,93,Moonwalkers
24,24,Moonwalkers
24,120,Moonwalkers
24,118,Moonwalkers
24,75,Moonwalkers
24,58,Moonwalkers
24,86,Moonwalkers
24,98,Moonwalkers
24,36,Moonwalkers
24,62,Moonwalkers
24,17,Moonwalkers
24,79,Moonwalkers
24,108,Moonwalkers
24,107,Moonwalkers
24,22,Moonwalkers
24,25,Moonwalkers
24,3,Moonwalkers
24,38,Moonwalkers
24,113,Moonwalkers
24,71,Moonwalkers
24,40,Moonwalkers
24,17,Moonwalkers
24,86,Moonwalkers
24,121,Moonwalkers
24,60,Moonwalkers
25,93,Labyrinth of Lies
25,24,Labyrinth of Lies
25,120,Labyrinth of Lies
25,118,Labyrinth of Lies
25,75,Labyrinth of Lies
25,58,Labyrinth of Lies
25,98,Labyrinth of Lies
25,86,Labyrinth of Lies
25,36,Labyrinth of Lies
25,62,Labyrinth of Lies
25,17,Labyrinth of Lies
25,79,Labyrinth of Lies
25,108,Labyrinth of Lies
25,107,Labyrinth of Lies
25,22,Labyrinth of Lies
25,25,Labyrinth of Lies
25,3,Labyrinth of Lies
25,38,Labyrinth of Lies
25,113,Labyrinth of Lies
25,34,Labyrinth of Lies
25,71,LA Confidential
25,17,Labyrinth of Lies
25,86,Labyrinth of Lies
25,60,Labyrinth of Lies
26,93,Unfriended
26,24,Unfriended
26,120,Unfriended
26,118,Unfriended
26,75,Unfriended
26,58,Unfriended
26,98,Unfriended
26,86,Friend Request
26,36,Unfriended
26,99,Friend Request
26,62,Unfriended
26,17,Unfriended
26,79,Unfriended
26,108,Unfriended
26,107,Unfriended
26,25,Unfriended
26,113,Unfriended
26,0,Unfriended
26,4,Unfriended
26,106,Unfriended
26,24,Unfriended
27,24,This Is Where I Leave You
27,120,This Is Where I Leave You
27,118,This Is Where I Leave You
27,75,This Is Where I Leave You
27,58,This Is Where I Leave You
27,98,This Is Where I Leave You
27,36,This Is Where I Leave You
27,99,Oldboy
27,62,This Is Where I Leave You
27,17,This Is Where I Leave You
27,79,This Is Where I Leave You
27,107,This Is Where I Leave You
27,22,This Is Where I Leave You
27,113,This Is Where I Leave You
28,68,Life After Beth
28,99,Life After Beth
28,24,Life After Beth
28,120,Life After Beth
28,75,Life After Beth
28,85,Life After Beth
28,89,Life After Beth
28,14,Life After Beth
28,118,Life After Beth
28,39,Life After Beth
28,58,Life After Beth
28,31,Life After Beth
28,67,Life After Beth
28,23,Life After Beth
28,66,Life After Beth
28,98,Life After Beth
28,113,Life After Beth
28,7,Life After Beth
28,18,Life After Beth
28,21,Life After Beth
29,68,The Equalizer
29,99,Chinatown
29,24,The Equalizer
29,120,The Equalizer
29,75,The Equalizer
29,85,The Equalizer
29,89,The Equalizer
29,14,The Equalizer
29,118,The Equalizer
29,39,The Equalizer
29,58,The Equalizer
29,31,The Equalizer
29,67,The Equalizer
29,23,The Equalizer
29,66,The Equalizer
29,98,The Equalizer
29,113,The Equalizer
29,7,The Equalizer
29,26,The Equalizer
29,21,The Equalizer
30,68,Hercules
30,24,Hercules
30,120,Hercules
30,75,Hercules
30,85,Hercules
30,89,Hercules
30,14,Hercules
30,118,Hercules
30,39,Hercules
30,58,Hercules
30,31,Hercules
30,67,Hercules
30,23,Hercules
30,66,Hercules
30,98,The Legend of Hercules
30,113,Hercules
30,86,Hercules
30,7,Hercules
30,18,Hercules
30,21,Hercules
30,5,Hercules
30,70,Hercules
30,93,Hercules
30,25,Hercules
30,92,Hercules
31,68,The Machine
31,24,The Machine
31,120,The Machine
31,75,The Machine
31,85,The Machine
31,89,The Machine
31,14,The Machine
31,118,The Machine
31,58,The Machine
31,31,The Machine
31,67,The Machine
31,36,The Machine
31,23,The Machine
31,98,The Machine
31,113,The Machine
31,86,The Machine
31,7,The Machine
31,21,The Machine
31,18,Automata
32,68,The Double
32,85,The Double
32,99,The Double
32,14,The Double
32,75,The Double
32,118,The Double
32,36,The Double
32,61,The Double
32,89,The Double
32,6,The Double
32,39,The Double
32,79,The Double
32,41,The Double
32,62,The Double
32,86,The Double
32,55,The Double
32,59,The Double
32,56,The Double
32,53,The Double
32,21,The Double
33,68,This Is the End
33,85,This Is the End
33,99,This Is the End
33,14,This Is the End
33,75,This Is the End
33,118,This Is the End
33,36,This Is the End
33,61,This Is the End
33,89,This Is the End
33,6,This Is the End
33,39,This Is the End
33,79,This Is the End
33,41,This Is the End
33,62,This Is the End
33,86,The World's End
33,55,This Is the End
33,56,The World's End
33,53,The World's End
33,21,This Is the End
34,68,Oblivion
34,85,Oblivion
34,99,After Earth
34,14,Oblivion
34,75,Oblivion
34,118,Oblivion
34,36,Oblivion
34,61,Oblivion
34,102,Oblivion
34,89,Oblivion
34,6,Oblivion
34,39,Oblivion
34,79,Oblivion
34,41,Oblivion
34,62,Oblivion
34,55,Oblivion
34,56,After Earth
34,53,Oblivion
34,21,Oblivion
35,68,Olympus Has Fallen
35,85,Olympus Has Fallen
35,14,Olympus Has Fallen
35,75,Olympus Has Fallen
35,118,Olympus Has Fallen
35,61,Olympus Has Fallen
35,120,Olympus Has Fallen
35,102,Olympus Has Fallen
35,89,Olympus Has Fallen
35,6,Olympus Has Fallen
35,39,Olympus Has Fallen
35,79,Olympus Has Fallen
35,41,Olympus Has Fallen
35,62,Olympus Has Fallen
35,55,Olympus Has Fallen
35,59,White House Down
35,56,White House Down
35,53,Olympus Has Fallen
35,121,Olympus Has Fallen
35,98,Olympus Has Fallen
36,120,The Other Son
36,102,The Other Son
36,85,The Other Son
36,4,The Other Son
36,68,The Other Son
36,14,The Other Son
36,75,The Other Son
36,6,The Other Son
36,67,The Other Son
36,116,The Other Son
36,58,The Other Son
36,89,The Other Son
36,35,The Other Son
36,31,The Other Son
36,118,The Other Son
36,99,The Other Son
36,61,The Other Son
36,117,The Other Son
36,108,The Other Son
36,121,The Other Son
36,18,The Other Son
36,20,The Other Son
36,30,The Other Son
37,120,Upside Down
37,102,Upside Down
37,85,Upside Down
37,4,Upside Down
37,68,Upside Down
37,14,Upside Down
37,75,Upside Down
37,6,Upside Down
37,67,Upside Down
37,116,Upside Down
37,58,Upside Down
37,89,Upside Down
37,35,Upside Down
37,31,Upside Down
37,118,Upside Down
37,99,Upside Down
37,61,Upside Down
37,117,Upside Down
37,108,Upside Down
37,121,Upside Down
37,36,Upside Down
38,120,"Tomorrow, when the War Began"
38,85,"Tomorrow, when the War Began"
38,4,"Tomorrow, when the War Began"
38,68,"Tomorrow, when the War Began"
38,14,"Tomorrow, when the War Began"
38,75,"Tomorrow, when the War Began"
38,102,"Tomorrow, when the War Began"
38,6,"Tomorrow, when the War Began"
38,67,"Tomorrow, when the War Began"
38,116,"Tomorrow, when the War Began"
38,58,"Tomorrow, when the War Began"
38,89,"Tomorrow, when the War Began"
38,35,"Tomorrow, when the War Began"
38,31,"Tomorrow, when the War Began"
38,118,"Tomorrow, when the War Began"
38,99,"Tomorrow, when the War Began"
38,117,"Tomorrow, when the War Began"
38,61,"Tomorrow, when the War Began"
38,108,"Tomorrow, when the War Began"
38,121,"Tomorrow, when the War Began"
39,120,Battleship
39,85,Battleship
39,4,Battleship
39,68,Battleship
39,14,Battleship
39,75,Battleship
39,102,Battleship
39,6,Battleship
39,67,Battleship
39,116,Battleship
39,58,Battleship
39,39,Battleship
39,89,Battleship
39,35,Battleship
39,31,Battleship
39,118,Battleship
39,99,Battleship
39,61,Battleship
39,117,Battleship
39,108,Battleship
40,120,Zero Dark Thirty
40,102,Zero Dark Thirty
40,85,Zero Dark Thirty
40,4,Zero Dark Thirty
40,39,Zero Dark Thirty
40,112,Zero Dark Thirty
40,29,Zero Dark Thirty
40,6,Zero Dark Thirty
40,116,Zero Dark Thirty
40,23,Zero Dark Thirty
40,69,Zero Dark Thirty
40,79,Zero Dark Thirty
40,52,Zero Dark Thirty
40,41,Zero Dark Thirty
40,58,Zero Dark Thirty
40,21,Zero Dark Thirty
41,120,Mirror Mirror
41,102,Mirror Mirror
41,85,Mirror Mirror
41,4,Mirror Mirror
41,39,Mirror Mirror
41,112,Mirror Mirror
41,29,Mirror Mirror
41,6,Mirror Mirror
41,116,Mirror Mirror
41,23,Mirror Mirror
41,69,Mirror Mirror
41,67,Mirror Mirror
41,79,Mirror Mirror
41,52,Mirror Mirror
41,41,Mirror Mirror
41,58,Mirror Mirror
42,120,The Girl
42,85,The Girl
42,4,The Girl
42,39,The Girl
42,112,The Girl
42,102,The Girl
42,29,The Girl
42,116,The Girl
42,23,The Girl
42,69,The Girl
42,67,The Girl
42,79,The Girl
42,52,The Girl
42,41,The Girl
42,62,The Girl
42,9,The Girl
42,58,The Girl
42,60,La vita è meravigliosa
43,85,Quartet
43,4,Quartet
43,112,Quartet
43,102,Quartet
43,29,Quartet
43,116,Quartet
43,23,Quartet
43,69,Quartet
43,67,Quartet
43,79,Quartet
43,52,Quartet
43,41,Quartet
43,9,Quartet
43,81,Quartet
43,58,Quartet
43,21,Quartet
43,101,Quartet
43,91,Quartet
43,60,A Late Quartet
43,80,Quartet
43,75,Quartet
43,78,Quartet
44,85,Extraterrestrial
44,102,Extraterrestrial
44,6,Extraterrestrial
44,67,Extraterrestrial
44,39,Extraterrestrial
44,62,Extraterrestrial
44,29,Extraterrestrial
44,35,Extraterrestrial
44,116,Extraterrestrial
44,69,Extraterrestrial
44,1,Extraterrestrial
44,23,Extraterrestrial
44,89,Extraterrestrial
44,4,Extraterrestrial
44,31,Extraterrestrial
44,86,Extraterrestrial
44,113,Extraterrestrial
44,81,Extraterrestrial
44,91,Extraterrestrial
45,85,The Raid
45,102,The Raid
45,6,The Raid
45,39,The Raid
45,62,The Raid
45,29,The Raid
45,35,The Raid
45,116,The Raid
45,69,The Raid
45,23,The Raid
45,89,The Raid
45,4,The Raid
45,7,The Raid
45,31,The Raid
45,86,The Raid
45,113,The Raid
45,81,The Raid
45,91,The Raid
46,85,No Strings Attached
46,102,No Strings Attached
46,6,No Strings Attached
46,39,No Strings Attached
46,29,No Strings Attached
46,35,No Strings Attached
46,116,No Strings Attached
46,69,No Strings Attached
46,23,No Strings Attached
46,67,No Strings Attached
46,89,No Strings Attached
46,4,No Strings Attached
46,7,No Strings Attached
46,31,No Strings Attached
46,86,No Strings Attached
46,113,No Strings Attached
46,81,No Strings Attached
46,55,No Strings Attached
46,66,No Strings Attached
47,85,Skyline
47,102,Skyline
47,6,Skyline
47,39,Skyline
47,29,Skyline
47,35,Skyline
47,116,Skyline
47,69,Skyline
47,23,Skyline
47,52,Skyline
47,67,Skyline
47,89,Skyline
47,4,Skyline
47,7,Skyline
47,31,Skyline
47,86,Skyline
47,113,Skyline
47,55,Skyline
48,102,Despicable Me
48,6,Despicable Me
48,52,Despicable Me
48,44,Despicable Me
48,107,Despicable Me
48,83,Despicable Me
48,26,Despicable Me
48,67,Despicable Me
48,7,Despicable Me
48,61,Despicable Me
48,39,Despicable Me
48,18,Despicable Me
48,41,Despicable Me
48,34,Despicable Me
48,55,Despicable Me
48,8,Despicable Me
48,117,Despicable Me
48,71,Despicable Me
48,48,Despicable Me
48,59,Despicable Me
49,102,The A-Team
49,6,The A-Team
49,52,The A-Team
49,44,The A-Team
49,107,The A-Team
49,83,The A-Team
49,26,The A-Team
49,67,The A-Team
49,61,The A-Team
49,39,The A-Team
49,115,The A-Team
49,18,The A-Team
49,41,The A-Team
49,34,The A-Team
49,55,The A-Team
49,8,The A-Team
49,117,The A-Team
49,71,The Losers
49,48,The A-Team
49,59,The A-Team
49,36,The A-Team
49,14,The A-Team
50,118,Mid90s
50,120,Mid90s
50,37,Mid90s
50,88,Mid90s
50,76,Mid90s
50,42,Mid90s
50,30,Mid90s
50,41,Mid90s
50,103,Mid90s
50,89,Mid90s
51,118,Ben is Back
51,120,Ben is Back
51,37,Ben is Back
51,88,Ben is Back
51,76,Ben is Back
51,17,Ben is Back
51,34,Ben is Back
51,42,Ben is Back
51,51,Ben is Back
51,30,Ben is Back
51,111,Ben is Back
51,41,Ben is Back
51,49,Ben is Back
51,78,Ben is Back
51,11,Ben is Back
51,103,Ben is Back
51,54,Ben is Back
51,60,Ben is Back
51,89,Ben is Back
51,22,Ben is Back
52,118,The Happytime Murders
52,120,The Happytime Murders
52,37,The Happytime Murders
52,88,The Happytime Murders
52,76,The Happytime Murders
52,22,The Happytime Murders
52,42,The Happytime Murders
52,51,The Happytime Murders
52,30,The Happytime Murders
52,17,The Happytime Murders
52,111,The Happytime Murders
52,41,The Happytime Murders
52,49,The Happytime Murders
52,78,The Happytime Murders
52,11,The Happytime Murders
52,103,The Happytime Murders
52,54,The Happytime Murders
52,60,The Happytime Murders
52,18,The Happytime Murders
53,120,Abominable
53,37,Abominable
53,88,Abominable
53,76,Abominable
53,22,Abominable
53,34,Abominable
53,42,Abominable
53,30,Abominable
53,111,Abominable
53,41,Abominable
53,49,Abominable
53,78,Abominable
53,11,Abominable
53,103,Abominable
53,54,Abominable
53,60,Abominable
53,18,Abominable
54,118,Venom
54,120,Venom
54,17,Venom
54,22,Venom
54,76,Venom
54,88,Venom
54,85,Venom
54,42,Venom
54,116,Venom
54,51,Venom
54,47,Venom
54,34,Venom
54,89,Venom
54,55,Venom
54,30,Venom
54,113,Venom
54,121,Venom
54,8,Venom
54,27,Venom
54,71,Venom
55,118,Sink or Swim
55,120,Swimming with Men
55,17,Swimming with Men
55,76,Swimming with Men
55,88,Swimming with Men
55,85,Swimming with Men
55,42,Swimming with Men
55,116,Swimming with Men
55,51,Swimming with Men
55,47,Swimming with Men
55,89,Swimming with Men
55,55,Swimming with Men
55,30,Swimming with Men
55,113,Swimming with Men
55,121,Swimming with Men
55,8,Swimming with Men
55,12,Swimming with Men
55,80,Swimming with Men
56,118,Alex Strangelove
56,120,Alex Strangelove
56,17,Alex Strangelove
56,76,Alex Strangelove
56,88,Alex Strangelove
56,85,Alex Strangelove
56,42,Alex Strangelove
56,116,Alex Strangelove
56,51,Alex Strangelove
56,47,Alex Strangelove
56,34,"Love, Simon"
56,89,Alex Strangelove
56,55,Alex Strangelove
56,30,Alex Strangelove
56,113,Alex Strangelove
56,121,Alex Strangelove
56,8,Alex Strangelove
56,22,Alex Strangelove
56,27,Alex Strangelove
56,71,Alex Strangelove
57,118,The Mercy
57,120,The Mercy
57,76,The Mercy
57,88,The Mercy
57,85,The Mercy
57,42,The Mercy
57,116,The Mercy
57,17,Crowhurst
57,113,The Mercy
57,121,Crowhurst
57,8,The Mercy
57,27,The Mercy
57,80,The Mercy
57,99,The Mercy
58,118,Girls Trip
58,120,Girls Trip
58,76,Girls Trip
58,85,Girls Trip
58,42,Girls Trip
58,88,Girls Trip
58,116,Girls Trip
58,47,Girls Trip
58,4,Girls Trip
58,29,Girls Trip
58,3,Girls Trip
58,27,Girls Trip
58,69,Girls Trip
58,34,Girls Trip
58,52,Girls Trip
58,17,Girls Trip
58,106,Girls Trip
58,51,Girls Trip
58,12,Girls Trip
59,118,Dunkirk
59,120,Dunkirk
59,76,Dunkirk
59,85,Dunkirk
59,42,Dunkirk
59,88,Dunkirk
59,116,Dunkirk
59,47,Dunkirk
59,4,Dunkirk
59,29,Dunkirk
59,111,Dunkirk
59,3,Dunkirk
59,27,Dunkirk
59,69,Dunkirk
59,34,Dunkirk
59,52,Dunkirk
59,17,Dunkirk
59,106,Dunkirk
59,51,Dunkirk
59,12,Dunkirk
60,118,Darkest Hour
60,120,Darkest Hour
60,76,Darkest Hour
60,85,Darkest Hour
60,42,Darkest Hour
60,88,Darkest Hour
60,116,Darkest Hour
60,47,Darkest Hour
60,4,Darkest Hour
60,29,Darkest Hour
60,111,Darkest Hour
60,3,Darkest Hour
60,27,Darkest Hour
60,69,Darkest Hour
60,34,Darkest Hour
60,52,Darkest Hour
60,17,Darkest Hour
60,106,Darkest Hour
60,51,Darkest Hour
61,118,The Man with the Iron Heart
61,120,The Man with the Iron Heart
61,76,The Man with the Iron Heart
61,85,The Man with the Iron Heart
61,42,The Man with the Iron Heart
61,88,The Man with the Iron Heart
61,116,The Man with the Iron Heart
61,47,The Man with the Iron Heart
61,4,The Man with the Iron Heart
61,29,The Man with the Iron Heart
61,111,La grande fuga
61,3,The Man with the Iron Heart
61,27,The Man with the Iron Heart
61,69,The Man with the Iron Heart
61,34,Quasi amici - Intouchables
61,52,The Man with the Iron Heart
61,17,The Man with the Iron Heart
61,106,The Man with the Iron Heart
61,51,The Man with the Iron Heart
61,12,La grande fuga
62,118,Mowgli: Legend of the Jungle
62,120,Mowgli: Legend of the Jungle
62,76,Mowgli: Legend of the Jungle
62,85,Mowgli: Legend of the Jungle
62,51,Mowgli: Legend of the Jungle
62,116,Mowgli: Legend of the Jungle
62,4,Mowgli: Legend of the Jungle
62,93,Mowgli: Legend of the Jungle
62,42,Mowgli: Legend of the Jungle
62,41,Mowgli: Legend of the Jungle
62,78,Mowgli: Legend of the Jungle
62,29,Mowgli: Legend of the Jungle
62,89,Mowgli: Legend of the Jungle
62,57,Mowgli: Legend of the Jungle
62,55,Mowgli: Legend of the Jungle
62,10,Mowgli: Legend of the Jungle
62,14,The Jungle Book
62,36,The Jungle Book
62,96,Mowgli: Legend of the Jungle
63,118,Captain America: Civil War
63,120,Captain America: Civil War
63,76,Captain America: Civil War
63,85,Captain America: Civil War
63,51,Captain America: Civil War
63,116,Captain America: Civil War
63,4,Captain America: Civil War
63,93,Captain America: Civil War
63,42,Captain America: Civil War
63,47,Captain America: Civil War
63,41,Captain America: Civil War
63,78,Captain America: Civil War
63,29,Captain America: Civil War
63,89,Captain America: Civil War
63,57,Captain America: Civil War
63,55,Captain America: Civil War
63,10,Captain America: Civil War
63,14,Captain America: Civil War
63,36,Captain America: Civil War
63,96,Captain America: Civil War
64,118,Sing
64,120,Sing
64,76,Sing
64,85,Sing
64,51,Sing
64,116,Sing
64,4,Sing
64,93,Sing
64,42,Sing
64,47,Sing
64,41,Sing
64,78,Sing
64,29,Sing
64,89,Sing
64,57,Sing
64,55,Sing
64,10,Sing
64,14,Sing
64,36,Sing
64,96,Sing
65,118,The Glass Castle
65,120,The Glass Castle
65,76,The Glass Castle
65,85,The Glass Castle
65,51,The Glass Castle
65,116,The Glass Castle
65,4,The Glass Castle
65,93,The Glass Castle
65,42,The Glass Castle
65,47,The Glass Castle
65,41,The Glass Castle
65,78,The Glass Castle
65,29,The Glass Castle
65,89,The Glass Castle
65,57,The Glass Castle
65,55,The Glass Castle
65,10,The Glass Castle
65,14,The Glass Castle
65,36,The Glass Castle
65,96,The Glass Castle
66,76,Kate Plays Christine
66,118,Kate Plays Christine
66,85,Kate Plays Christine
66,47,Kate Plays Christine
66,69,Kate Plays Christine
66,116,Kate Plays Christine
66,25,Kate Plays Christine
66,3,Kate Plays Christine
66,103,Kate Plays Christine
66,27,Kate Plays Christine
66,99,Kate Plays Christine
67,76,The Hollars
67,118,The Hollars
67,120,The Hollars
67,85,The Hollars
67,47,The Hollars
67,51,The Hollars
67,42,The Hollars
67,69,The Hollars
67,116,The Hollars
67,30,The Hollars
67,15,The Hollars
67,25,The Hollars
67,3,The Hollars
67,93,The Hollars
67,94,The Hollars
67,103,The Hollars
67,11,The Hollars
67,113,The Hollars
67,27,The Hollars
67,119,The Hollars
68,118,Rebel in the Rye
68,51,Rebel in the Rye
68,42,Rebel in the Rye
68,116,Rebel in the Rye
68,15,Rebel in the Rye
68,94,Rebel in the Rye
68,103,Rebel in the Rye
68,11,Rebel in the Rye
68,113,Rebel in the Rye
68,119,Rebel in the Rye
68,99,Rebel in the Rye
69,76,Scouts Guide to the Zombie Apocalypse
69,118,Scouts Guide to the Zombie Apocalypse
69,120,Scouts Guide to the Zombie Apocalypse
69,85,Scouts Guide to the Zombie Apocalypse
69,4,Scouts Guide to the Zombie Apocalypse
69,47,Scouts Guide to the Zombie Apocalypse
69,51,Scouts Guide to the Zombie Apocalypse
69,42,Scouts Guide to the Zombie Apocalypse
69,116,Scouts Guide to the Zombie Apocalypse
69,30,Scouts Guide to the Zombie Apocalypse
69,15,Scouts Guide to the Zombie Apocalypse
69,25,Scouts Guide to the Zombie Apocalypse
69,3,Scouts Guide to the Zombie Apocalypse
69,93,Scouts Guide to the Zombie Apocalypse
69,94,Scouts Guide to the Zombie Apocalypse
69,103,Scouts Guide to the Zombie Apocalypse
69,11,Scouts Guide to the Zombie Apocalypse
69,113,Scouts Guide to the Zombie Apocalypse
69,27,Scouts Guide to the Zombie Apocalypse
69,119,Scouts Guide to the Zombie Apocalypse
70,85,Mission: Impossible – Rogue Nation
70,4,Mission: Impossible – Rogue Nation
70,69,Mission: Impossible – Rogue Nation
70,47,Mission: Impossible – Rogue Nation
70,5,Mission: Impossible – Rogue Nation
70,52,Mission: Impossible – Rogue Nation
70,34,Mission: Impossible – Rogue Nation
70,111,Mission: Impossible – Rogue Nation
70,105,Mission: Impossible – Rogue Nation
70,29,Mission: Impossible – Rogue Nation
70,116,Mission: Impossible – Rogue Nation
70,70,Mission: Impossible – Rogue Nation
70,89,Mission: Impossible – Rogue Nation
70,41,Mission: Impossible – Rogue Nation
70,30,Mission: Impossible – Rogue Nation
70,78,Mission: Impossible – Rogue Nation
70,27,Mission: Impossible – Rogue Nation
70,32,Mission: Impossible – Rogue Nation
70,73,Mission: Impossible – Rogue Nation
70,58,Mission: Impossible – Rogue Nation
71,85,Approaching the Unknown
71,4,Approaching the Unknown
71,69,Approaching the Unknown
71,47,Approaching the Unknown
71,5,Approaching the Unknown
71,52,Approaching the Unknown
71,111,The Martian
71,105,Approaching the Unknown
71,29,Approaching the Unknown
71,116,Approaching the Unknown
71,70,Approaching the Unknown
71,89,Approaching the Unknown
71,41,Approaching the Unknown
71,12,Approaching the Unknown
71,78,Approaching the Unknown
71,32,Approaching the Unknown
71,73,Approaching the Unknown
72,85,Florence Foster Jenkins
72,4,Florence Foster Jenkins
72,47,Florence Foster Jenkins
72,5,Florence Foster Jenkins
72,52,Florence Foster Jenkins
72,34,American Beauty
72,111,Florence Foster Jenkins
72,69,Florence Foster Jenkins
72,105,Florence Foster Jenkins
72,29,Florence Foster Jenkins
72,116,Florence Foster Jenkins
72,70,Florence Foster Jenkins
72,89,Florence Foster Jenkins
72,41,Florence Foster Jenkins
72,30,Florence Foster Jenkins
72,12,Florence Foster Jenkins
72,78,Florence Foster Jenkins
72,32,Florence Foster Jenkins
72,73,Florence Foster Jenkins
72,58,Florence Foster Jenkins
73,85,Every Day
73,47,Every Day
73,5,Every Day
73,4,Every Day
73,52,Every Day
73,69,Every Day
73,105,Every Day
73,29,Every Day
73,116,Every Day
73,70,Every Day
73,89,Every Day
73,41,Every Day
73,12,Every Day
73,78,Every Day
73,15,Every Day
73,73,Every Day
73,58,Every Day
74,4,Operation Avalanche
74,5,Operation Avalanche
74,69,Operation Avalanche
74,52,Operation Avalanche
74,57,Operation Avalanche
74,34,Moonwalkers
74,13,Operation Avalanche
74,0,Operation Avalanche
74,117,Operation Avalanche
74,106,Operation Avalanche
74,24,Operation Avalanche
74,46,Operation Avalanche
74,15,Operation Avalanche
74,92,Operation Avalanche
75,4,The People vs. Fritz Bauer
75,5,The People vs. Fritz Bauer
75,52,The People vs. Fritz Bauer
75,57,The People vs. Fritz Bauer
75,0,The People vs. Fritz Bauer
75,106,The People vs. Fritz Bauer
75,46,The People vs. Fritz Bauer
75,40,The People vs. Fritz Bauer
75,121,LA Confidential
76,5,Friend Request
76,69,Friend Request
76,17,Friend Request
76,52,Friend Request
76,86,Friend Request
76,57,Friend Request
76,34,Friend Request
76,13,Friend Request
76,54,Friend Request
76,46,Friend Request
76,40,Friend Request
76,15,Friend Request
76,72,Friend Request
76,121,Friend Request
76,60,Friend Request
76,14,Friend Request
76,1,Friend Request
76,38,Friend Request
76,22,Friend Request
77,4,August: Osage County
77,5,August: Osage County
77,69,August: Osage County
77,17,August: Osage County
77,52,August: Osage County
77,86,August: Osage County
77,57,August: Osage County
77,34,August: Osage County
77,31,August: Osage County
77,13,August: Osage County
77,0,August: Osage County
77,106,August: Osage County
77,24,August: Osage County
77,54,August: Osage County
77,46,August: Osage County
77,40,August: Osage County
77,72,August: Osage County
77,121,August: Osage County
77,60,August: Osage County
77,14,August: Osage County
77,18,August: Osage County
78,4,Burying the Ex
78,5,Burying the Ex
78,69,Burying the Ex
78,29,Burying the Ex
78,93,Burying the Ex
78,70,Burying the Ex
78,98,Burying the Ex
78,103,Burying the Ex
78,105,Burying the Ex
78,25,Burying the Ex
78,31,Burying the Ex
78,94,Burying the Ex
78,89,Burying the Ex
78,12,Burying the Ex
78,3,Burying the Ex
78,54,Burying the Ex
78,55,Burying the Ex
78,72,Burying the Ex
78,111,Burying the Ex
79,4,John Wick
79,5,John Wick
79,69,John Wick
79,29,John Wick
79,93,John Wick
79,70,John Wick
79,98,John Wick
79,103,John Wick
79,105,John Wick
79,25,John Wick
79,31,John Wick
79,94,John Wick
79,89,John Wick
79,12,John Wick
79,97,John Wick
79,3,John Wick
79,17,John Wick
79,55,John Wick
79,111,John Wick
79,92,John Wick
80,4,The Legend of Hercules
80,29,The Legend of Hercules
80,98,The Legend of Hercules
80,103,The Legend of Hercules
80,105,The Legend of Hercules
80,31,The Legend of Hercules
80,94,The Legend of Hercules
80,69,The Legend of Hercules
80,89,The Legend of Hercules
80,12,The Legend of Hercules
80,97,Hercules
80,3,The Legend of Hercules
80,117,The Legend of Hercules
80,55,The Legend of Hercules
80,111,Hercules
81,5,Automata
81,29,Automata
81,93,Automata
81,70,Automata
81,103,Automata
81,105,Automata
81,25,Automata
81,94,Automata
81,69,Automata
81,89,Automata
81,12,Automata
81,97,Automata
81,3,Automata
81,17,Automata
81,117,Automata
81,55,Automata
81,11,Automata
81,111,Automata
81,63,Automata
81,92,Automata
82,5,Enemy
82,98,Enemy
82,93,Enemy
82,29,Enemy
82,69,Enemy
82,57,Enemy
82,17,Enemy
82,117,Enemy
82,103,Enemy
82,41,Enemy
82,105,Enemy
82,70,Enemy
82,10,Enemy
82,28,Enemy
82,82,Enemy
82,11,Enemy
82,52,Enemy
82,46,Enemy
82,77,Enemy
83,5,The World's End
83,93,The World's End
83,29,The World's End
83,69,The World's End
83,57,The World's End
83,17,The World's End
83,103,The World's End
83,41,The World's End
83,105,The World's End
83,70,The World's End
83,10,The World's End
83,28,The World's End
83,98,The World's End
83,82,The World's End
83,11,The World's End
83,52,The World's End
83,46,The World's End
83,77,The World's End
83,63,The World's End
83,59,3 Idiots
84,5,After Earth
84,93,After Earth
84,29,After Earth
84,57,After Earth
84,103,After Earth
84,41,After Earth
84,105,After Earth
84,70,After Earth
84,25,After Earth
84,10,After Earth
84,28,After Earth
84,31,After Earth
84,98,After Earth
84,82,After Earth
84,11,After Earth
84,52,After Earth
84,46,After Earth
84,77,After Earth
84,86,After Earth
84,63,After Earth
85,5,White House Down
85,93,White House Down
85,29,White House Down
85,57,White House Down
85,103,White House Down
85,41,White House Down
85,13,White House Down
85,105,White House Down
85,70,White House Down
85,25,White House Down
85,10,White House Down
85,28,White House Down
85,31,White House Down
85,82,White House Down
85,52,White House Down
85,46,White House Down
85,77,White House Down
85,86,White House Down
85,63,White House Down
85,99,White House Down
86,5,"Like Father, Like Son"
86,93,"Like Father, Like Son"
86,13,"Like Father, Like Son"
86,94,"Like Father, Like Son"
86,36,"Like Father, Like Son"
86,25,"Like Father, Like Son"
86,57,"Like Father, Like Son"
86,89,"Like Father, Like Son"
86,3,"Like Father, Like Son"
86,103,"Like Father, Like Son"
86,31,"Like Father, Like Son"
86,68,"Like Father, Like Son"
86,113,"Like Father, Like Son"
86,98,"Like Father, Like Son"
86,0,"Like Father, Like Son"
86,117,"Like Father, Like Son"
86,74,"Like Father, Like Son"
87,5,Patema Inverted
87,93,Patema Inverted
87,13,Patema Inverted
87,94,Patema Inverted
87,25,Patema Inverted
87,57,Patema Inverted
87,89,Patema Inverted
87,3,Patema Inverted
87,103,Patema Inverted
87,31,Patema Inverted
87,68,Patema Inverted
87,30,Upside Down
87,65,Patema Inverted
87,113,Patema Inverted
87,0,Patema Inverted
87,117,Patema Inverted
87,74,Patema Inverted
88,5,Red Dawn
88,93,Red Dawn
88,13,Red Dawn
88,94,Red Dawn
88,36,Red Dawn
88,57,Red Dawn
88,3,Red Dawn
88,112,Red Dawn
88,103,Red Dawn
88,68,Red Dawn
88,30,Red Dawn
88,65,Red Dawn
88,113,Red Dawn
88,41,Red Dawn
88,0,Red Dawn
88,109,Red Dawn
88,117,Red Dawn
88,45,Red Dawn
88,74,Red Dawn
89,5,Pacific Rim
89,93,Pacific Rim
89,94,Pacific Rim
89,36,Pacific Rim
89,57,Pacific Rim
89,3,Pacific Rim
89,112,Pacific Rim
89,103,Pacific Rim
89,13,Pacific Rim
89,16,Pacific Rim
89,68,Pacific Rim
89,30,Pacific Rim
89,113,Pacific Rim
89,41,Pacific Rim
89,0,Pacific Rim
89,109,Pacific Rim
89,20,Pacific Rim
89,117,Pacific Rim
89,45,Pacific Rim
89,74,Pacific Rim
90,112,Seal Team Six: The Raid on Osama Bin Laden
90,13,Seal Team Six: The Raid on Osama Bin Laden
90,16,Seal Team Six: The Raid on Osama Bin Laden
90,12,Seal Team Six: The Raid on Osama Bin Laden
90,65,Seal Team Six: The Raid on Osama Bin Laden
90,75,Seal Team Six: The Raid on Osama Bin Laden
90,70,Seal Team Six: The Raid on Osama Bin Laden
90,36,Seal Team Six: The Raid on Osama Bin Laden
90,57,Seal Team Six: The Raid on Osama Bin Laden
90,94,Seal Team Six: The Raid on Osama Bin Laden
90,105,Seal Team Six: The Raid on Osama Bin Laden
90,24,Seal Team Six: The Raid on Osama Bin Laden
90,41,Seal Team Six: The Raid on Osama Bin Laden
90,25,Seal Team Six: The Raid on Osama Bin Laden
90,10,Seal Team Six: The Raid on Osama Bin Laden
90,109,Seal Team Six: The Raid on Osama Bin Laden
90,45,Seal Team Six: The Raid on Osama Bin Laden
90,106,Seal Team Six: The Raid on Osama Bin Laden
90,54,Seal Team Six: The Raid on Osama Bin Laden
90,78,Seal Team Six: The Raid on Osama Bin Laden
90,9,Seal Team Six: The Raid on Osama Bin Laden
90,91,Seal Team Six: The Raid on Osama Bin Laden
91,112,Snow White and the Huntsman
91,13,Snow White and the Huntsman
91,16,Snow White and the Huntsman
91,12,Snow White and the Huntsman
91,65,Snow White and the Huntsman
91,75,Snow White and the Huntsman
91,70,Snow White and the Huntsman
91,36,Snow White and the Huntsman
91,57,Snow White and the Huntsman
91,94,Snow White and the Huntsman
91,105,Snow White and the Huntsman
91,24,Snow White and the Huntsman
91,41,Snow White and the Huntsman
91,25,Snow White and the Huntsman
91,10,Snow White and the Huntsman
91,109,Snow White and the Huntsman
91,45,Snow White and the Huntsman
91,106,Snow White and the Huntsman
91,54,Snow White and the Huntsman
91,78,Snow White and the Huntsman
91,60,Snow White and the Huntsman
91,101,Snow White and the Huntsman
91,9,Snow White and the Huntsman
91,21,Snow White and the Huntsman
92,13,Hitchcock
92,16,Hitchcock
92,112,Hitchcock
92,12,Hitchcock
92,75,Hitchcock
92,70,Hitchcock
92,36,Hitchcock
92,90,Hitchcock
92,57,Hitchcock
92,94,Hitchcock
92,105,Hitchcock
92,24,Hitchcock
92,3,Hitchcock
92,25,Hitchcock
92,10,Hitchcock
92,106,Hitchcock
92,80,Hitchcock
92,33,Hitchcock
93,112,A Late Quartet
93,12,A Late Quartet
93,70,A Late Quartet
93,36,A Late Quartet
93,90,A Late Quartet
93,13,A Late Quartet
93,57,A Late Quartet
93,94,A Late Quartet
93,105,A Late Quartet
93,16,A Late Quartet
93,24,A Late Quartet
93,3,A Late Quartet
93,25,A Late Quartet
93,10,A Late Quartet
93,106,A Late Quartet
93,14,Quartet
93,62,A Late Quartet
94,112,Seeking a Friend for the End of the World
94,90,Seeking a Friend for the End of the World
94,13,Seeking a Friend for the End of the World
94,16,Seeking a Friend for the End of the World
94,28,Seeking a Friend for the End of the World
94,27,Seeking a Friend for the End of the World
94,12,Seeking a Friend for the End of the World
94,3,Seeking a Friend for the End of the World
94,68,Seeking a Friend for the End of the World
94,75,Seeking a Friend for the End of the World
94,65,Seeking a Friend for the End of the World
94,40,Seeking a Friend for the End of the World
94,8,Seeking a Friend for the End of the World
94,31,Seeking a Friend for the End of the World
94,64,Seeking a Friend for the End of the World
94,80,Seeking a Friend for the End of the World
94,14,Seeking a Friend for the End of the World
94,19,Seeking a Friend for the End of the World
94,33,Seeking a Friend for the End of the World
94,22,Seeking a Friend for the End of the World
95,112,Dredd
95,90,Dredd
95,13,Dredd
95,16,Dredd
95,28,Dredd
95,27,Dredd
95,12,Dredd
95,3,Dredd
95,68,Dredd
95,75,Dredd
95,65,Dredd
95,40,Dredd
95,8,Dredd
95,31,Dredd
95,64,Dredd
95,80,Dredd
95,14,Dredd
95,19,Dredd
95,33,Dredd
95,22,Dredd
96,13,Friends with Benefits
96,16,Friends with Benefits
96,28,Friends with Benefits
96,27,Friends with Benefits
96,12,Friends with Benefits
96,68,Friends with Benefits
96,75,Friends with Benefits
96,65,Friends with Benefits
96,70,Friends with Benefits
96,112,Friends with Benefits
96,40,Friends with Benefits
96,36,Friends with Benefits
96,8,Friends with Benefits
96,31,Friends with Benefits
96,64,Friends with Benefits
96,114,Friends with Benefits
96,14,Friends with Benefits
96,90,Friends with Benefits
96,19,Friends with Benefits
96,22,Friends with Benefits
97,28,Battle: Los Angeles
97,27,Battle: Los Angeles
97,12,Battle: Los Angeles
97,68,Battle: Los Angeles
97,13,Battle: Los Angeles
97,75,Battle: Los Angeles
97,65,Battle: Los Angeles
97,70,Battle: Los Angeles
97,112,Battle: Los Angeles
97,40,Battle: Los Angeles
97,36,Battle: Los Angeles
97,8,Battle: Los Angeles
97,31,Battle: Los Angeles
97,64,Battle: Los Angeles
97,114,Battle: Los Angeles
97,15,Battle: Los Angeles
97,14,Battle: Los Angeles
97,90,Battle: Los Angeles
97,19,Battle: Los Angeles
97,22,Battle: Los Angeles
98,102,Megamind
98,13,Megamind
98,6,Megamind
98,70,Megamind
98,112,Megamind
98,16,Megamind
98,82,Megamind
98,36,Megamind
98,98,Megamind
98,105,Megamind
98,113,Megamind
98,114,Megamind
98,24,Megamind
98,15,Megamind
98,32,Megamind
98,107,Megamind
98,90,Megamind
98,55,Megamind
98,94,Megamind
98,14,Megamind
99,13,The Losers
99,6,The Losers
99,70,The Losers
99,112,The Losers
99,16,The Losers
99,82,The Losers
99,98,The Losers
99,105,The Losers
99,113,The Losers
99,114,Aurora
99,24,The Losers
99,15,The Losers
99,55,The Losers
